{
 "cells": [
  {
   "cell_type": "code",
   "execution_count": 26,
   "metadata": {},
   "outputs": [],
   "source": [
    "import pandas as pd\n",
    "import mytools"
   ]
  },
  {
   "cell_type": "code",
   "execution_count": 27,
   "metadata": {},
   "outputs": [
    {
     "data": {
      "text/plain": [
       "Index(['问卷编号', '调查员', '民族', '政治面貌', '年级', '您觉得自己是个典型的中国人吗',\n",
       "       '与世界其他国家的人相比中国人有自己的特点吗', '为公民，最基本的要求是爱自己的国家', '不管是汉族还是少数民族，都是中华民族的一员',\n",
       "       '您是否为为中华民族的历史文化而骄傲', '个人的前途与命运是与中华民族的命运息息相关', '您是否了解中华民族的传统节日',\n",
       "       '您是否了解中国历史、地理、政治等', '老实说，您觉得中国怎么样', '您认为中国有多少值得自豪的地方',\n",
       "       '您认为世界有多少比例的人尊重中国', '对您而言作为一名中国人有多重要', '会以中国人自豪吗', '会隐瞒身份吗', '会打多少分',\n",
       "       '国歌升起', '世博会', '中国传统文化', '发展信心', '你会为中国运动员呐喊助威', '遇到灾难时中国人应该伸出援手',\n",
       "       '你愿意加入其他国籍吗', '中国人要为祖国统一奋斗吗'],\n",
       "      dtype='object')"
      ]
     },
     "execution_count": 27,
     "metadata": {},
     "output_type": "execute_result"
    }
   ],
   "source": [
    "数据表 = mytools.读取SPSS数据文件(R'C:\\Users\\34426\\Desktop\\zqlwx\\国家认同数据清理后.sav',True)\n",
    "数据表.columns"
   ]
  },
  {
   "cell_type": "code",
   "execution_count": 28,
   "metadata": {},
   "outputs": [
    {
     "data": {
      "text/html": [
       "<div>\n",
       "<style scoped>\n",
       "    .dataframe tbody tr th:only-of-type {\n",
       "        vertical-align: middle;\n",
       "    }\n",
       "\n",
       "    .dataframe tbody tr th {\n",
       "        vertical-align: top;\n",
       "    }\n",
       "\n",
       "    .dataframe thead th {\n",
       "        text-align: right;\n",
       "    }\n",
       "</style>\n",
       "<table border=\"1\" class=\"dataframe\">\n",
       "  <thead>\n",
       "    <tr style=\"text-align: right;\">\n",
       "      <th></th>\n",
       "      <th>您是否了解中华民族的传统节日</th>\n",
       "      <th>完全不了解</th>\n",
       "      <th>不太了解</th>\n",
       "      <th>比较了解</th>\n",
       "      <th>完全了解</th>\n",
       "      <th>All</th>\n",
       "    </tr>\n",
       "    <tr>\n",
       "      <th>年级</th>\n",
       "      <th>政治面貌</th>\n",
       "      <th></th>\n",
       "      <th></th>\n",
       "      <th></th>\n",
       "      <th></th>\n",
       "      <th></th>\n",
       "    </tr>\n",
       "  </thead>\n",
       "  <tbody>\n",
       "    <tr>\n",
       "      <th rowspan=\"2\" valign=\"top\">预科</th>\n",
       "      <th>团员</th>\n",
       "      <td>0.000000</td>\n",
       "      <td>0.006418</td>\n",
       "      <td>0.007702</td>\n",
       "      <td>0.001284</td>\n",
       "      <td>0.015404</td>\n",
       "    </tr>\n",
       "    <tr>\n",
       "      <th>群众</th>\n",
       "      <td>0.000000</td>\n",
       "      <td>0.001284</td>\n",
       "      <td>0.000000</td>\n",
       "      <td>0.000000</td>\n",
       "      <td>0.001284</td>\n",
       "    </tr>\n",
       "    <tr>\n",
       "      <th rowspan=\"4\" valign=\"top\">大一</th>\n",
       "      <th>团员</th>\n",
       "      <td>0.003851</td>\n",
       "      <td>0.032092</td>\n",
       "      <td>0.196406</td>\n",
       "      <td>0.059050</td>\n",
       "      <td>0.291399</td>\n",
       "    </tr>\n",
       "    <tr>\n",
       "      <th>党员</th>\n",
       "      <td>0.000000</td>\n",
       "      <td>0.000000</td>\n",
       "      <td>0.011553</td>\n",
       "      <td>0.003851</td>\n",
       "      <td>0.015404</td>\n",
       "    </tr>\n",
       "    <tr>\n",
       "      <th>群众</th>\n",
       "      <td>0.000000</td>\n",
       "      <td>0.007702</td>\n",
       "      <td>0.017972</td>\n",
       "      <td>0.007702</td>\n",
       "      <td>0.033376</td>\n",
       "    </tr>\n",
       "    <tr>\n",
       "      <th>其他</th>\n",
       "      <td>0.001284</td>\n",
       "      <td>0.001284</td>\n",
       "      <td>0.001284</td>\n",
       "      <td>0.000000</td>\n",
       "      <td>0.003851</td>\n",
       "    </tr>\n",
       "    <tr>\n",
       "      <th rowspan=\"4\" valign=\"top\">大二</th>\n",
       "      <th>团员</th>\n",
       "      <td>0.001284</td>\n",
       "      <td>0.039795</td>\n",
       "      <td>0.147625</td>\n",
       "      <td>0.056483</td>\n",
       "      <td>0.245186</td>\n",
       "    </tr>\n",
       "    <tr>\n",
       "      <th>党员</th>\n",
       "      <td>0.000000</td>\n",
       "      <td>0.002567</td>\n",
       "      <td>0.017972</td>\n",
       "      <td>0.014121</td>\n",
       "      <td>0.034660</td>\n",
       "    </tr>\n",
       "    <tr>\n",
       "      <th>群众</th>\n",
       "      <td>0.000000</td>\n",
       "      <td>0.002567</td>\n",
       "      <td>0.025674</td>\n",
       "      <td>0.005135</td>\n",
       "      <td>0.033376</td>\n",
       "    </tr>\n",
       "    <tr>\n",
       "      <th>其他</th>\n",
       "      <td>0.000000</td>\n",
       "      <td>0.002567</td>\n",
       "      <td>0.003851</td>\n",
       "      <td>0.000000</td>\n",
       "      <td>0.006418</td>\n",
       "    </tr>\n",
       "    <tr>\n",
       "      <th rowspan=\"4\" valign=\"top\">大三</th>\n",
       "      <th>团员</th>\n",
       "      <td>0.001284</td>\n",
       "      <td>0.017972</td>\n",
       "      <td>0.075738</td>\n",
       "      <td>0.016688</td>\n",
       "      <td>0.111682</td>\n",
       "    </tr>\n",
       "    <tr>\n",
       "      <th>党员</th>\n",
       "      <td>0.001284</td>\n",
       "      <td>0.010270</td>\n",
       "      <td>0.029525</td>\n",
       "      <td>0.015404</td>\n",
       "      <td>0.056483</td>\n",
       "    </tr>\n",
       "    <tr>\n",
       "      <th>群众</th>\n",
       "      <td>0.000000</td>\n",
       "      <td>0.003851</td>\n",
       "      <td>0.016688</td>\n",
       "      <td>0.007702</td>\n",
       "      <td>0.028241</td>\n",
       "    </tr>\n",
       "    <tr>\n",
       "      <th>其他</th>\n",
       "      <td>0.000000</td>\n",
       "      <td>0.000000</td>\n",
       "      <td>0.008986</td>\n",
       "      <td>0.001284</td>\n",
       "      <td>0.010270</td>\n",
       "    </tr>\n",
       "    <tr>\n",
       "      <th rowspan=\"3\" valign=\"top\">大四</th>\n",
       "      <th>团员</th>\n",
       "      <td>0.001284</td>\n",
       "      <td>0.007702</td>\n",
       "      <td>0.046213</td>\n",
       "      <td>0.017972</td>\n",
       "      <td>0.073171</td>\n",
       "    </tr>\n",
       "    <tr>\n",
       "      <th>党员</th>\n",
       "      <td>0.001284</td>\n",
       "      <td>0.003851</td>\n",
       "      <td>0.017972</td>\n",
       "      <td>0.002567</td>\n",
       "      <td>0.025674</td>\n",
       "    </tr>\n",
       "    <tr>\n",
       "      <th>群众</th>\n",
       "      <td>0.000000</td>\n",
       "      <td>0.002567</td>\n",
       "      <td>0.007702</td>\n",
       "      <td>0.003851</td>\n",
       "      <td>0.014121</td>\n",
       "    </tr>\n",
       "    <tr>\n",
       "      <th>All</th>\n",
       "      <th></th>\n",
       "      <td>0.011553</td>\n",
       "      <td>0.142490</td>\n",
       "      <td>0.632863</td>\n",
       "      <td>0.213094</td>\n",
       "      <td>1.000000</td>\n",
       "    </tr>\n",
       "  </tbody>\n",
       "</table>\n",
       "</div>"
      ],
      "text/plain": [
       "您是否了解中华民族的传统节日     完全不了解      不太了解      比较了解      完全了解       All\n",
       "年级  政治面貌                                                        \n",
       "预科  团员          0.000000  0.006418  0.007702  0.001284  0.015404\n",
       "    群众          0.000000  0.001284  0.000000  0.000000  0.001284\n",
       "大一  团员          0.003851  0.032092  0.196406  0.059050  0.291399\n",
       "    党员          0.000000  0.000000  0.011553  0.003851  0.015404\n",
       "    群众          0.000000  0.007702  0.017972  0.007702  0.033376\n",
       "    其他          0.001284  0.001284  0.001284  0.000000  0.003851\n",
       "大二  团员          0.001284  0.039795  0.147625  0.056483  0.245186\n",
       "    党员          0.000000  0.002567  0.017972  0.014121  0.034660\n",
       "    群众          0.000000  0.002567  0.025674  0.005135  0.033376\n",
       "    其他          0.000000  0.002567  0.003851  0.000000  0.006418\n",
       "大三  团员          0.001284  0.017972  0.075738  0.016688  0.111682\n",
       "    党员          0.001284  0.010270  0.029525  0.015404  0.056483\n",
       "    群众          0.000000  0.003851  0.016688  0.007702  0.028241\n",
       "    其他          0.000000  0.000000  0.008986  0.001284  0.010270\n",
       "大四  团员          0.001284  0.007702  0.046213  0.017972  0.073171\n",
       "    党员          0.001284  0.003851  0.017972  0.002567  0.025674\n",
       "    群众          0.000000  0.002567  0.007702  0.003851  0.014121\n",
       "All             0.011553  0.142490  0.632863  0.213094  1.000000"
      ]
     },
     "execution_count": 28,
     "metadata": {},
     "output_type": "execute_result"
    }
   ],
   "source": [
    "# 创建年级、政治面貌和您是否了解中华民族的传统节日的交互表\n",
    "cross_tab = pd.crosstab(index=[数据表['年级'], 数据表['政治面貌']], \n",
    "                        columns=数据表['您是否了解中华民族的传统节日'], \n",
    "                        margins=True, normalize=True)  # All 行和列的总和\n",
    "\n",
    "cross_tab"
   ]
  },
  {
   "cell_type": "code",
   "execution_count": 29,
   "metadata": {},
   "outputs": [],
   "source": [
    "from scipy import stats\n",
    "specific_grade = '大四'\n",
    "# 筛选出特定年级的数据\n",
    "df_specific_grade = 数据表[数据表['年级'] == specific_grade]"
   ]
  },
  {
   "cell_type": "code",
   "execution_count": 30,
   "metadata": {},
   "outputs": [
    {
     "name": "stdout",
     "output_type": "stream",
     "text": [
      "tau_y系数: 0.0132 极弱相关或无相关\n",
      "您是否了解中华民族的传统节日     完全不了解      不太了解      比较了解      完全了解       All\n",
      "政治面貌                                                            \n",
      "团员              0.011364  0.068182  0.409091  0.159091  0.647727\n",
      "党员              0.011364  0.034091  0.159091  0.022727  0.227273\n",
      "群众              0.000000  0.022727  0.068182  0.034091  0.125000\n",
      "All             0.022727  0.125000  0.636364  0.215909  1.000000\n",
      "卡方值： 3.45, p值： 0.7509,自由度:6。\n",
      "接受虚无假设\n"
     ]
    }
   ],
   "source": [
    "mytools.两个无序类别变量的统计分析(df_specific_grade,'政治面貌','您是否了解中华民族的传统节日')"
   ]
  },
  {
   "cell_type": "code",
   "execution_count": 31,
   "metadata": {},
   "outputs": [
    {
     "data": {
      "text/plain": [
       "(3.4477533546785626, 0.7509074124308858, 6)"
      ]
     },
     "execution_count": 31,
     "metadata": {},
     "output_type": "execute_result"
    }
   ],
   "source": [
    "# 创建政治面貌和您是否了解中华民族的传统节日的交互表\n",
    "cross_tab_specific_grade = pd.crosstab(df_specific_grade['您是否了解中华民族的传统节日'], df_specific_grade['政治面貌'])\n",
    "cross_tab\n",
    "# 进行卡方检验\n",
    "chi2_grade, p_grade, dof_grade, expected_grade = stats.chi2_contingency(cross_tab_specific_grade)\n",
    "chi2_grade, p_grade, dof_grade, # 进行卡方检验\n",
    "chi2_grade, p_grade, dof_grade, expected_grade = stats.chi2_contingency(cross_tab_specific_grade)\n",
    "chi2_grade, p_grade, dof_grade, "
   ]
  }
 ],
 "metadata": {
  "kernelspec": {
   "display_name": "Python 3",
   "language": "python",
   "name": "python3"
  },
  "language_info": {
   "codemirror_mode": {
    "name": "ipython",
    "version": 3
   },
   "file_extension": ".py",
   "mimetype": "text/x-python",
   "name": "python",
   "nbconvert_exporter": "python",
   "pygments_lexer": "ipython3",
   "version": "3.8.10"
  }
 },
 "nbformat": 4,
 "nbformat_minor": 2
}
